HAS_NATIVE False (pure cell)

e = 0.1   Kepler harmonics (k=1..4): 0.099875  0.004983  0.000373  0.000033
  depth   max|E_n - E_kepler|    harmonics of the depth-n cascade (k=1..4)
      1            5.179e-03    0.100000  0.000000  0.000000  0.000000
      2            3.929e-04    0.099625  0.004996  0.000125  0.000002
      3            3.297e-05    0.099877  0.004958  0.000373  0.000021
      5            2.612e-07    0.099875  0.004983  0.000373  0.000033
     10            1.875e-12    0.099875  0.004983  0.000373  0.000033
     20            8.882e-16    0.099875  0.004983  0.000373  0.000033
     40            8.882e-16    0.099875  0.004983  0.000373  0.000033

e = 0.3   Kepler harmonics (k=1..4): 0.296638  0.043665  0.009623  0.002511
  depth   max|E_n - E_kepler|    harmonics of the depth-n cascade (k=1..4)
      1            4.997e-02    0.300000  0.000000  0.000000  -0.000000
      2            1.119e-02    0.289938  0.044663  0.003343  0.000168
      3            2.782e-03    0.297080  0.041718  0.009556  0.001588
      5            1.952e-04    0.296666  0.043554  0.009637  0.002432
     10            3.340e-07    0.296638  0.043665  0.009623  0.002511
     20            1.410e-12    0.296638  0.043665  0.009623  0.002511
     40            8.882e-16    0.296638  0.043665  0.009623  0.002511

e = 0.7   Kepler harmonics (k=1..4): 0.657991  0.207356  0.096851  0.053334
  depth   max|E_n - E_kepler|    harmonics of the depth-n cascade (k=1..4)
      1            3.096e-01    0.700000  0.000000  0.000000  0.000000
      2            1.648e-01    0.575690  0.235148  0.040724  0.004881
      3            9.488e-02    0.684728  0.158656  0.094443  0.035977
      5            3.553e-02    0.667742  0.191043  0.101184  0.046807
     10            4.055e-03    0.656988  0.208584  0.095472  0.053783
     20            7.323e-05    0.657980  0.207374  0.096828  0.053350
     40            4.355e-08    0.657991  0.207356  0.096851  0.053334
